Target Time Date; Target Time Unity; Is Time Fmod Date; Is Time Fmod Unity
0;0;0,0019939;0
0,2727273;0,2727273;0,2859757;-0,286993
0,5454546;0,5454546;0,612165;-0,6129031
0,8181819;0,8181819;0,8294131;-0,8307147
1,090909;1,090909;1,108781;-1,108983
1,363636;1,363636;1,360092;-1,361246
1,636364;1,636364;1,636624;-1,638055
1,909091;1,909091;2,717977;-2,031845
2,181818;2,181818;2,718971;-2,031845
2,454545;2,454545;2,718971;-2,031845
2,727273;2,727273;2,737506;-2,050748
3;3;3,009562;-2,322783
3,272727;3,272727;3,278967;-2,592491
3,545455;3,545455;3,558583;-2,872332
3,818182;3,818182;3,82633;-3,139571
4,090909;4,090909;4,092268;-3,406528
4,363636;4,363636;4,376633;-3,688316
4,636364;4,636364;4,647153;-3,961212
4,909091;4,909091;4,931312;-4,24478
5,181818;5,181818;5,180295;-4,49413
5,454545;5,454545;5,461304;-4,774421
5,727273;5,727273;5,739519;-5,053454
6;6;6,00899;-5,322111
6,272727;6,272727;6,297615;-5,611526
6,545455;6,545455;6,55056;-5,863917
6,818182;6,818182;6,817211;-6,130515
7,090909;7,090909;7,103877;-6,4175
7,363636;7,363636;7,383624;-6,697122
7,636364;7,636364;7,637838;-6,951244
7,909091;7,909091;7,914056;-7,227983
8,181818;8,181818;8,187994;-7,501062
8,454546;8,454546;8,465857;-7,779962
8,727273;8,727273;8,750559;-8,062397
9;9;8,997554;-8,311359
9,272728;9,272728;9,278428;-8,592511
9,545455;9,545455;9,558627;-8,872458
9,818182;9,818182;9,828694;-9,141949
10,09091;10,09091;10,10785;-9,421583
10,36364;10,36364;10,36748;-9,680935
10,63636;10,63636;10,63919;-9,952522
10,90909;10,90909;10,9199;-10,23287
11,18182;11,18182;11,19652;-10,50991
11,45455;11,45455;11,44863;-10,76228
11,72727;11,72727;11,72873;-11,04202
12;12;12,00818;-11,32121
12,27273;12,27273;12,2898;-11,60326
12,54545;12,54545;12,55899;-11,87233
12,81818;12,81818;12,81844;-12,13204
13,09091;13,09091;13,09651;-12,40999
13,36364;13,36364;13,37067;-12,68388
13,63636;13,63636;13,65096;-12,96432
13,90909;13,90909;13,90743;-13,22089
14,18182;14,18182;14,17619;-13,48988
14,45455;14,45455;14,4575;-13,77113
14,72727;14,72727;14,7393;-14,0522
15;15;15,01884;-14,33221
15,27273;15,27273;15,26931;-14,58234
15,54545;15,54545;15,54707;-14,86107
15,81818;15,81818;15,82902;-15,14265
16,09091;16,09091;16,09694;-15,41036
16,36364;16,36364;16,37868;-15,69178
16,63636;16,63636;16,63636;-15,95034
16,90909;16,90909;16,92242;-16,23544
17,18182;17,18182;17,18762;-16,50103
17,45455;17,45455;17,47073;-16,78229
17,72727;17,72727;17,72904;-17,04247
18;18;17,99677;-17,31028
18,27273;18,27273;18,27761;-17,59175
18,54546;18,54546;18,55877;-17,87222
18,81818;18,81818;18,84015;-18,15341
19,09091;19,09091;19,08698;-18,40095
19,36364;19,36364;19,36847;-18,68184
19,63636;19,63636;19,64768;-18,96074
19,90909;19,90909;19,91822;-19,23193
20,18182;20,18182;20,19781;-19,51089
20,45455;20,45455;20,45631;-19,77019
20,72727;20,72727;20,72778;-20,04145
21;21;21,00735;-20,32061
21,27273;21,27273;21,28757;-20,60131
21,54546;21,54546;21,54044;-20,85435
21,81818;21,81818;21,8181;-21,13177
22,09091;22,09091;22,0987;-21,41195
22,36364;22,36364;22,37999;-21,69331
22,63636;22,63636;22,65009;-21,96354
22,90909;22,90909;22,90972;-22,22285
23,18182;23,18182;23,18914;-22,50296
23,45455;23,45455;23,46155;-22,77466
23,72727;23,72727;23,7391;-23,05249
24;24;24,01814;-23,33133
24,27273;24,27273;24,27664;-23,59066
24,54546;24,54546;24,55046;-23,86374
24,81818;24,81818;24,8319;-24,14531
25,09091;25,09091;25,10953;-24,42315
25,36364;25,36364;25,36073;-24,67403
25,63636;25,63636;25,63795;-24,95083
25,90909;25,90909;25,92672;-25,24072
26,18182;26,18182;26,19972;-25,51228
26,45455;26,45455;26,46811;-25,78215
26,72727;26,72727;26,72667;-26,04062
Target Time Date; Target Time Unity; Is Time Fmod Date; Is Time Fmod Unity
0;0;0,0019934;0
0,2727273;0,2727273;0,276248;-0,2771306
0,5454546;0,5454546;0,5559919;-0,5573444
0,8181819;0,8181819;0,8377968;-0,8389339
1,090909;1,090909;1,109073;-1,109525
1,363636;1,363636;1,369378;-1,371002
1,636364;1,636364;1,649863;-1,650685
1,909091;1,909091;1,915738;-1,917207
2,181818;2,181818;2,200393;-2,201391
2,454545;2,454545;2,477458;-2,479002
2,727273;2,727273;2,730186;-2,730766
3;3;3,00611;-3,007173
3,272727;3,272727;3,28853;-3,289769
3,545455;3,545455;3,565831;-3,567369
3,818182;3,818182;3,82039;-3,821711
4,090909;4,090909;4,096688;-4,098311
4,363636;4,363636;4,377901;-4,378142
4,636364;4,636364;4,650813;-4,651918
4,909091;4,909091;4,928235;-4,928428
5,181818;5,181818;5,187011;-5,187833
5,454545;5,454545;5,456129;-5,457286
5,727273;5,727273;5,740039;-5,741385
6;6;6,015687;-6,017351
6,272727;6,272727;6,29715;-6,298188
6,545455;6,545455;6,546935;-6,548454
6,818182;6,818182;6,826912;-6,828346
7,090909;7,090909;7,109334;-7,110918
7,363636;7,363636;7,376629;-7,378247
7,636364;7,636364;7,637854;-7,639132
7,909091;7,909091;7,918973;-7,920491
8,181818;8,181818;8,199024;-8,200548
8,454546;8,454546;8,466763;-8,467619
8,727273;8,727273;8,74901;-8,747755
9;9;9,008218;-9,009598
9,272728;9,272728;9,276353;-9,277607
9,545455;9,545455;9,556486;-9,557832
9,818182;9,818182;9,837773;-9,839123
10,09091;10,09091;10,11714;-10,11873
10,36364;10,36364;10,36744;-10,36856
10,63636;10,63636;10,6483;-10,64986
10,90909;10,90909;10,92695;-10,92777
11,18182;11,18182;11,1965;-11,19757
11,45455;11,45455;11,45612;-11,45722
11,72727;11,72727;11,73635;-11,73753
12;12;12,00879;-12,00995
12,27273;12,27273;12,28781;-12,28958
12,54545;12,54545;12,56702;-12,56777
12,81818;12,81818;12,81895;-12,81968
13,09091;13,09091;13,09955;-13,10063
13,36364;13,36364;13,37823;-13,37942
13,63636;13,63636;13,65591;-13,65737
13,90909;13,90909;13,90704;-13,90819
14,18182;14,18182;14,1864;-14,18707
14,45455;14,45455;14,46824;-14,46931
14,72727;14,72727;14,74028;-14,74112
15;15;15,01552;-15,01724
15,27273;15,27273;15,27783;-15,27886
15,54545;15,54545;15,55653;-15,55783
15,81818;15,81818;15,82886;-15,83003
16,09091;16,09091;16,10744;-16,10855
16,36364;16,36364;16,38902;-16,39051
16,63636;16,63636;16,63685;-16,63791
16,90909;16,90909;16,91835;-16,9196
17,18182;17,18182;17,19868;-17,2004
17,45455;17,45455;17,47812;-17,47742
17,72727;17,72727;17,72726;-17,72826
18;18;18,00778;-18,00888
18,27273;18,27273;18,28791;-18,28932
18,54546;18,54546;18,55929;-18,56019
18,81818;18,81818;18,83948;-18,84099
19,09091;19,09091;19,09757;-19,09857
19,36364;19,36364;19,37079;-19,3719
19,63636;19,63636;19,64902;-19,64979
19,90909;19,90909;19,92828;-19,92987
20,18182;20,18182;20,21949;-20,22096
20,45455;20,45455;20,45577;-20,45721
20,72727;20,72727;20,74032;-20,74114
21;21;21,01974;-21,02077
21,27273;21,27273;21,2883;-21,28962
21,54546;21,54546;21,54962;-21,55035
21,81818;21,81818;21,82708;-21,82763
22,09091;22,09091;22,09748;-22,09901
22,36364;22,36364;22,37766;-22,379
22,63636;22,63636;22,65839;-22,65933
22,90909;22,90909;22,9198;-22,92056
23,18182;23,18182;23,18908;-23,19055
23,45455;23,45455;23,46649;-23,46795
23,72727;23,72727;23,74675;-23,74796
24;24;24,01605;-24,01757
24,27273;24,27273;24,27979;-24,28122
24,54546;24,54546;24,55804;-24,55965
24,81818;24,81818;24,83942;-24,84091
25,09091;25,09091;25,10608;-25,10741
25,36364;25,36364;25,36837;-25,37025
25,63636;25,63636;25,64763;-25,64878
25,90909;25,90909;25,91955;-25,92105
26,18182;26,18182;26,20059;-26,20054
26,45455;26,45455;26,47655;-26,4773
26,72727;26,72727;26,72697;-26,7282
27;27;27,00822;-27,00971
27,27273;27,27273;27,28739;-27,28808
27,54546;27,54546;27,56855;-27,56969
27,81818;27,81818;27,8222;-27,82278
28,09091;28,09091;28,09656;-28,09752
28,36364;28,36364;28,37851;-28,37952
28,63636;28,63636;28,6503;-28,65148
28,90909;28,90909;28,9305;-28,93091
29,18182;29,18182;29,18656;-29,18804
29,45455;29,45455;29,45867;-29,46016
29,72727;29,72727;29,73623;-29,7378
30;30;30,01792;-30,01908
30,27273;30,27273;30,29715;-30,29802
30,54546;30,54546;30,54724;-30,54874
30,81818;30,81818;30,82888;-30,82927
31,09091;31,09091;31,10664;-31,10739
31,36364;31,36364;31,37955;-31,3804
31,63636;31,63636;31,63779;-31,63865
31,90909;31,90909;31,91821;-31,91898
32,18182;32,18182;32,19649;-32,1979
32,45455;32,45455;32,46793;-32,46832
32,72727;32,72727;32,74974;-32,75106
33;33;33,01025;-33,0112
33,27273;33,27273;33,28205;-33,28302
33,54546;33,54546;33,55801;-33,55895
33,81818;33,81818;33,83717;-33,83788
34,09091;34,09091;34,11705;-34,11799
34,36364;34,36364;34,36866;-34,37011
34,63636;34,63636;34,64779;-34,64859
34,90909;34,90909;34,93025;-34,93113
35,18182;35,18182;35,19957;-35,20097
35,45455;35,45455;35,46;-35,461
35,72727;35,72727;35,74094;-35,74178
36;36;36,00715;-36,00825
36,27273;36,27273;36,2863;-36,28785
36,54546;36,54546;36,56824;-36,56924
36,81818;36,81818;36,81863;-36,81984
37,09091;37,09091;37,0984;-37,09885
37,36364;37,36364;37,37773;-37,37923
37,63636;37,63636;37,65801;-37,65922
37,90909;37,90909;37,90855;-37,91037
38,18182;38,18182;38,18834;-38,18906
38,45455;38,45455;38,46631;-38,46765
38,72727;38,72727;38,73865;-38,74008
39;39;39,01804;-39,01896
39,27273;39,27273;39,27893;-39,27838
39,54546;39,54546;39,55825;-39,55935
39,81818;39,81818;39,8301;-39,83094
40,09091;40,09091;40,10807;-40,10961
40,36364;40,36364;40,38915;-40,38968
40,63636;40,63636;40,63895;-40,6406
40,90909;40,90909;40,91622;-40,9176
41,18182;41,18182;41,1967;-41,19821
41,45455;41,45455;41,47738;-41,47879
41,72728;41,72728;41,72745;-41,72908
42;42;42,00774;-42,00837
42,27273;42,27273;42,28855;-42,28966
42,54546;42,54546;42,55698;-42,55806
42,81818;42,81818;42,83968;-42,84097
43,09091;43,09091;43,0974;-43,09851
43,36364;43,36364;43,36632;-43,3675
43,63636;43,63636;43,6471;-43,64859
43,90909;43,90909;43,92841;-43,92924
44,18182;44,18182;44,21048;-44,21123
44,45455;44,45455;44,45758;-44,45905
44,72728;44,72728;44,73891;-44,7398
45;45;45,01992;-45,0208
45,27273;45,27273;45,28923;-45,29005
45,54546;45,54546;45,54886;-45,55072
45,81818;45,81818;45,83041;-45,8315
46,09091;46,09091;46,10086;-46,10265
46,36364;46,36364;46,37655;-46,37808
46,63636;46,63636;46,65897;-46,66056
46,90909;46,90909;46,91784;-46,91891
47,18182;47,18182;47,18876;-47,19059
47,45455;47,45455;47,4693;-47,47041
47,72728;47,72728;47,74955;-47,75122
48;48;48,02073;-48,02053
48,27273;48,27273;48,27945;-48,28112
48,54546;48,54546;48,55752;-48,55824
48,81818;48,81818;48,83681;-48,83849
49,09091;49,09091;49,10879;-49,10968
49,36364;49,36364;49,3694;-49,37078
49,63636;49,63636;49,64724;-49,64863
49,90909;49,90909;49,91738;-49,91888
50,18182;50,18182;50,19893;-50,20016
50,45455;50,45455;50,48008;-50,48099
50,72728;50,72728;50,72942;-50,73017
51;51;51,01007;-51,01028
51,27273;51,27273;51,28756;-51,28817
51,54546;51,54546;51,56831;-51,56903
51,81818;51,81818;51,81797;-51,81905
52,09091;52,09091;52,0989;-52,10039
52,36364;52,36364;52,37759;-52,37858
52,63636;52,63636;52,64801;-52,64872
52,90909;52,90909;52,93759;-52,93824
53,18182;53,18182;53,18757;-53,18843
53,45455;53,45455;53,45709;-53,45853
53,72728;53,72728;53,73783;-53,73862
54;54;54,01681;-54,01844
54,27273;54,27273;54,29876;-54,29912
54,54546;54,54546;54,54707;-54,5484
54,81818;54,81818;54,82806;-54,82962
55,09091;55,09091;55,11391;-55,1147
55,36364;55,36364;55,3774;-55,37915
55,63636;55,63636;55,63638;-55,6377
55,90909;55,90909;55,91883;-55,91977
56,18182;56,18182;56,19703;-56,1987
56,45455;56,45455;56,46815;-56,46944
56,72728;56,72728;56,75681;-56,75682
57;57;57,0074;-57,00843
57,27273;57,27273;57,27775;-57,27878
57,54546;57,54546;57,55839;-57,55933
57,81818;57,81818;57,84051;-57,84179
58,09091;58,09091;58,12135;-58,12185
58,36364;58,36364;58,36823;-58,36927
58,63636;58,63636;58,64802;-58,64963
58,90909;58,90909;58,9267;-58,92785
59,18182;59,18182;59,19892;-59,20073
59,45455;59,45455;59,46021;-59,46082
59,72728;59,72728;59,73678;-59,73784
60;60;60,00851;-60,00956
60,27273;60,27273;60,28933;-60,29101
60,54546;60,54546;60,56955;-60,57014
60,81818;60,81818;60,81688;-60,81836
61,09091;61,09091;61,09805;-61,09921
61,36364;61,36364;61,37865;-61,3798
61,63636;61,63636;61,66124;-61,662
61,90909;61,90909;61,91064;-61,91146
62,18182;62,18182;62,19038;-62,19162
62,45455;62,45455;62,46857;-62,47017
62,72728;62,72728;62,74015;-62,74134
63;63;63,02138;-63,02237
63,27273;63,27273;63,28;-63,28082
63,54546;63,54546;63,55666;-63,55841
63,81818;63,81818;63,82778;-63,82943
64,09091;64,09091;64,10947;-64,11136
64,36364;64,36364;64,38737;-64,38832
64,63637;64,63637;64,63835;-64,64
64,9091;64,9091;64,91714;-64,91866
65,18182;65,18182;65,20013;-65,2011
65,45454;65,45454;65,48027;-65,47914
65,72727;65,72727;65,73956;-65,741
66;66;66,00945;-66,01089
66,27273;66,27273;66,2895;-66,291
66,54546;66,54546;66,55824;-66,55904
66,81818;66,81818;66,83942;-66,84105
67,09091;67,09091;67,10007;-67,10117
67,36364;67,36364;67,36808;-67,36955
67,63637;67,63637;67,64895;-67,65045
67,9091;67,9091;67,92742;-67,92838
68,18182;68,18182;68,2077;-68,20811
68,45454;68,45454;68,45682;-68,45792
68,72727;68,72727;68,7384;-68,73967
69;69;69,02096;-69,02243
69,27273;69,27273;69,28808;-69,28871
69,54546;69,54546;69,5501;-69,55099
69,81818;69,81818;69,82826;-69,82899
70,09091;70,09091;70,09927;-70,1006
70,36364;70,36364;70,37853;-70,38011
70,63637;70,63637;70,65895;-70,66
70,9091;70,9091;70,9192;-70,92085
71,18182;71,18182;71,18958;-71,19092
71,45454;71,45454;71,46951;-71,47075
71,72727;71,72727;71,74765;-71,74953
0;0;0,0039961;0
0,2727273;0,2727273;0,2783017;-0,2792087
0,5454546;0,5454546;0,559135;-0,5602803
0,8181819;0,8181819;0,830237;-0,8317256
1,090909;1,090909;1,109523;-1,110223
1,363636;1,363636;1,369763;-1,370387
1,636364;1,636364;1,639352;-1,640117
1,909091;1,909091;1,920816;-1,921461
2,181818;2,181818;2,202194;-2,202046
2,454545;2,454545;2,482756;-2,482748
2,727273;2,727273;2,731858;-2,732466
3;3;3,01153;-3,012833
3,272727;3,272727;3,291717;-3,292204
3,545455;3,545455;3,560763;-3,56176
3,818182;3,818182;3,819298;-3,819847
4,090909;4,090909;4,101336;-4,102222
4,363636;4,363636;4,371584;-4,371237
4,636364;4,636364;4,650449;-4,651384
4,909091;4,909091;4,931099;-4,931627
5,181818;5,181818;5,179177;-5,180554
5,454545;5,454545;5,463243;-5,463752
5,727273;5,727273;5,742137;-5,742531
6;6;6,021516;-6,022204
6,272727;6,272727;6,290806;-6,291716
6,545455;6,545455;6,550823;-6,551135
6,818182;6,818182;6,831255;-6,832541
7,090909;7,090909;7,098207;-7,099424
7,363636;7,363636;7,38149;-7,382715
7,636364;7,636364;7,63996;-7,64076
7,909091;7,909091;7,920968;-7,921916
8,181818;8,181818;8,193095;-8,193453
8,454546;8,454546;8,47256;-8,473364
8,727273;8,727273;8,75182;-8,749876
9;9;9,000366;-9,00128
9,272728;9,272728;9,281817;-9,282097
9,545455;9,545455;9,559714;-9,560301
9,818182;9,818182;9,840723;-9,841011
10,09091;10,09091;10,11109;-10,11199
10,36364;10,36364;10,37072;-10,37112
10,63636;10,63636;10,65105;-10,65171
10,90909;10,90909;10,91989;-10,9203
11,18182;11,18182;11,19865;-11,19943
11,45455;11,45455;11,46165;-11,46288
11,72727;11,72727;11,73158;-11,7328
12;12;12,01018;-12,01079
12,27273;12,27273;12,28947;-12,29056
12,54545;12,54545;12,57119;-12,57183
12,81818;12,81818;12,82147;-12,82252
13,09091;13,09091;13,10051;-13,1009
13,36364;13,36364;13,37994;-13,38073
13,63636;13,63636;13,65253;-13,65342
13,90909;13,90909;13,91149;-13,91256
14,18182;14,18182;14,19233;-14,19268
14,45455;14,45455;14,46367;-14,46434
14,72727;14,72727;14,74151;-14,74246
15;15;15,02015;-15,02143
15,27273;15,27273;15,27973;-15,2801
15,54545;15,54545;15,5513;-15,55214
15,81818;15,81818;15,82973;-15,83043
16,09091;16,09091;16,10965;-16,11018
16,36364;16,36364;16,3802;-16,38078
16,63636;16,63636;16,64154;-16,64282
16,90909;16,90909;16,92184;-16,92218
17,18182;17,18182;17,19906;-17,19986
17,45455;17,45455;17,47358;-17,47203
17,72727;17,72727;17,7299;-17,73055
18;18;18,01004;-18,01096
18,27273;18,27273;18,27935;-18,28056
18,54546;18,54546;18,56046;-18,56104
18,81818;18,81818;18,83935;-18,83966
19,09091;19,09091;19,08976;-19,09071
19,36364;19,36364;19,37088;-19,37132
19,63636;19,63636;19,65214;-19,65304
19,90909;19,90909;19,92986;-19,93122
20,18182;20,18182;20,202;-20,20229
20,45455;20,45455;20,46076;-20,46166
20,72727;20,72727;20,73937;-20,74006
21;21;21,01157;-21,01289
21,27273;21,27273;21,29129;-21,29155
21,54546;21,54546;21,54988;-21,55135
21,81818;21,81818;21,81911;-21,8201
22,09091;22,09091;22,1008;-22,10199
22,36364;22,36364;22,3814;-22,38237
22,63636;22,63636;22,66004;-22,66092
22,90909;22,90909;22,91068;-22,91108
23,18182;23,18182;23,19054;-23,19146
23,45455;23,45455;23,46961;-23,47051
23,72727;23,72727;23,74174;-23,74285
24;24;24,02193;-24,02299
24,27273;24,27273;24,28156;-24,28231
24,54546;24,54546;24,56029;-24,56155
24,81818;24,81818;24,82957;-24,8308
25,09091;25,09091;25,11287;-25,11308
25,36364;25,36364;25,36954;-25,37055
25,63636;25,63636;25,64129;-25,64164
25,90909;25,90909;25,91931;-25,92057
26,18182;26,18182;26,20174;-26,19951
26,45455;26,45455;26,48126;-26,48198
26,72727;26,72727;26,72989;-26,73041
27;27;27,01122;-27,01225
27,27273;27,27273;27,29205;-27,29238
27,54546;27,54546;27,55963;-27,56033
27,81818;27,81818;27,82389;-27,82503
28,09091;28,09091;28,10062;-28,10111
28,36364;28,36364;28,37119;-28,37192
28,63636;28,63636;28,65062;-28,65094
28,90909;28,90909;28,93103;-28,93153
29,18182;29,18182;29,18074;-29,18159
29,45455;29,45455;29,45872;-29,4596
29,72727;29,72727;29,74112;-29,7422
30;30;30,01857;-30,01969
30,27273;30,27273;30,29058;-30,29155
30,54546;30,54546;30,54934;-30,54955
30,81818;30,81818;30,83067;-30,83139
31,09091;31,09091;31,09974;-31,10039
31,36364;31,36364;31,38103;-31,38238
31,63636;31,63636;31,64136;-31,64169
31,90909;31,90909;31,92145;-31,92247
32,18182;32,18182;32,1908;-32,19179
32,45455;32,45455;32,47065;-32,47099
32,72727;32,72727;32,75123;-32,75182
33;33;33,00162;-33,00251
33,27273;33,27273;33,28076;-33,2815
33,54546;33,54546;33,55895;-33,56014
33,81818;33,81818;33,84155;-33,84214
34,09091;34,09091;34,10888;-34,10973
34,36364;34,36364;34,36977;-34,37032
34,63636;34,63636;34,65276;-34,65339
34,90909;34,90909;34,92307;-34,9234
35,18182;35,18182;35,20295;-35,20358
35,45455;35,45455;35,45895;-35,45984
35,72727;35,72727;35,73007;-35,73118
36;36;36,01129;-36,01203
36,27273;36,27273;36,28961;-36,29036
36,54546;36,54546;36,56972;-36,57104
36,81818;36,81818;36,81846;-36,81991
37,09091;37,09091;37,10118;-37,10226
37,36364;37,36364;37,38057;-37,38185
37,63636;37,63636;37,65134;-37,65219
37,90909;37,90909;37,91122;-37,91217
38,18182;38,18182;38,19025;-38,19095
38,45455;38,45455;38,46434;-38,46486
38,72727;38,72727;38,73958;-38,74054
39;39;39,0221;-39,02335
39,27273;39,27273;39,28423;-39,28311
39,54546;39,54546;39,54965;-39,55013
39,81818;39,81818;39,83159;-39,83279
40,09091;40,09091;40,1095;-40,11023
40,36364;40,36364;40,37965;-40,38008
40,63636;40,63636;40,64125;-40,6421
40,90909;40,90909;40,92094;-40,92126
41,18182;41,18182;41,19937;-41,20018
41,45455;41,45455;41,47267;-41,47321
41,72728;41,72728;41,73022;-41,73152
42;42;42,0105;-42,01149
42,27273;42,27273;42,27912;-42,28056
42,54546;42,54546;42,56094;-42,56145
42,81818;42,81818;42,84194;-42,84286
43,09091;43,09091;43,0914;-43,09204
43,36364;43,36364;43,37158;-43,37183
43,63636;43,63636;43,65048;-43,65081
43,90909;43,90909;43,93099;-43,93207
44,18182;44,18182;44,20081;-44,20192
44,45455;44,45455;44,46032;-44,4613
44,72728;44,72728;44,74291;-44,74337
45;45;45,00855;-45,0099
45,27273;45,27273;45,29073;-45,29113
45,54546;45,54546;45,55213;-45,55296
45,81818;45,81818;45,82001;-45,82108
46,09091;46,09091;46,10098;-46,10197
46,36364;46,36364;46,38107;-46,38137
46,63636;46,63636;46,66106;-46,66223
46,90909;46,90909;46,91239;-46,91316
47,18182;47,18182;47,19056;-47,1914
47,45455;47,45455;47,47184;-47,47201
47,72728;47,72728;47,74009;-47,74078
48;48;48,02211;-48,02164
48,27273;48,27273;48,27953;-48,28015
48,54546;48,54546;48,56195;-48,56218
48,81818;48,81818;48,8306;-48,83184
49,09091;49,09091;49,11287;-49,11319
49,36364;49,36364;49,37039;-49,37103
49,63636;49,63636;49,64326;-49,64374
49,90909;49,90909;49,91974;-49,92123
50,18182;50,18182;50,20169;-50,20284
50,45455;50,45455;50,48154;-50,4828
50,72728;50,72728;50,72985;-50,73064
51;51;51,0101;-51,01153
51,27273;51,27273;51,29141;-51,2925
51,54546;51,54546;51,56206;-51,56278
51,81818;51,81818;51,82059;-51,82094
52,09091;52,09091;52,10004;-52,10064
52,36364;52,36364;52,37209;-52,37288
52,63636;52,63636;52,65342;-52,65395
52,90909;52,90909;52,93047;-52,93124
53,18182;53,18182;53,18053;-53,1818
53,45455;53,45455;53,46678;-53,46723
53,72728;53,72728;53,74148;-53,74277
54;54;54,02132;-54,0216
54,27273;54,27273;54,29093;-54,29185
54,54546;54,54546;54,5494;-54,55065
54,81818;54,81818;54,83228;-54,83329
55,09091;55,09091;55,1009;-55,10155
55,36364;55,36364;55,38288;-55,38357
55,63636;55,63636;55,64219;-55,64307
55,90909;55,90909;55,92023;-55,92139
56,18182;56,18182;56,19305;-56,1938
56,45455;56,45455;56,47102;-56,47208
56,72728;56,72728;56,74893;-56,75018
57;57;57,00109;-57,00186
57,27273;57,27273;57,2813;-57,28219
57,54546;57,54546;57,56054;-57,56133
57,81818;57,81818;57,84002;-57,84127
58,09091;58,09091;58,11117;-58,11201
58,36364;58,36364;58,37022;-58,37074
58,63636;58,63636;58,6488;-58,64996
58,90909;58,90909;58,92332;-58,92376
59,18182;59,18182;59,20121;-59,20205
59,45455;59,45455;59,46318;-59,46367
59,72728;59,72728;59,73177;-59,73313
60;60;60,00957;-60,01049
60,27273;60,27273;60,29163;-60,29246
60,54546;60,54546;60,57061;-60,57103
60,81818;60,81818;60,82269;-60,82341
61,09091;61,09091;61,10065;-61,10082
61,36364;61,36364;61,3826;-61,38334
61,63636;61,63636;61,65051;-61,65131
61,90909;61,90909;61,9102;-61,91091
62,18182;62,18182;62,19185;-62,19274
62,45455;62,45455;62,46127;-62,46239
62,72728;62,72728;62,73912;-62,74023
63;63;63,02195;-63,02315
63,27273;63,27273;63,2829;-63,2835
63,54546;63,54546;63,55173;-63,55313
63,81818;63,81818;63,8311;-63,83214
64,09091;64,09091;64,11278;-64,11333
64,36364;64,36364;64,38287;-64,38377
64,63637;64,63637;64,64359;-64,64417
64,9091;64,9091;64,9209;-64,92199
65,18182;65,18182;65,20122;-65,20196
65,45454;65,45454;65,47137;-65,47086
65,72727;65,72727;65,73082;-65,73156
66;66;66,01279;-66,01334
66,27273;66,27273;66,27914;-66,28056
66,54546;66,54546;66,56255;-66,56279
66,81818;66,81818;66,84165;-66,8423
67,09091;67,09091;67,09067;-67,09101
67,36364;67,36364;67,3713;-67,37246
67,63637;67,63637;67,65273;-67,65385
67,9091;67,9091;67,92975;-67,93043
68,18182;68,18182;68,20221;-68,20274
68,45454;68,45454;68,46358;-68,46397
68,72727;68,72727;68,73997;-68,74123
69;69;69,01309;-69,01364
69,27273;69,27273;69,29101;-69,29192
69,54546;69,54546;69,55016;-69,55055
69,81818;69,81818;69,82016;-69,82072
70,09091;70,09091;70,10078;-70,10141
70,36364;70,36364;70,38418;-70,38454
70,63637;70,63637;70,66178;-70,66298
70,9091;70,9091;70,9103;-70,91113
71,18182;71,18182;71,18964;-71,19051
71,45454;71,45454;71,47052;-71,47103
71,72727;71,72727;71,74312;-71,74429
72;72;72,0228;-72,02394
72,27273;72,27273;72,28121;-72,28225
72,54546;72,54546;72,563;-72,56367
72,81818;72,81818;72,8326;-72,83392
73,09091;73,09091;73,11274;-73,11341
73,36364;73,36364;73,37135;-73,37218
73,63637;73,63637;73,63987;-73,64043
73,9091;73,9091;73,92242;-73,92316
74,18182;74,18182;74,20238;-74,2011
74,45454;74,45454;74,48227;-74,48364
74,72727;74,72727;74,73115;-74,732
75;75;75,0119;-75,01262
75,27273;75,27273;75,29105;-75,29144
75,54546;75,54546;75,56196;-75,56235
75,81818;75,81818;75,82298;-75,82345
76,09091;76,09091;76,09972;-76,10085
76,36364;76,36364;76,37276;-76,37377
76,63637;76,63637;76,65219;-76,65295
76,9091;76,9091;76,92952;-76,93066
77,18182;77,18182;77,17925;-77,1802
77,45454;77,45454;77,46273;-77,46381
77,72727;77,72727;77,74431;-77,74455
78;78;78,01999;-78,02108
78,27273;78,27273;78,29214;-78,29318
78,54546;78,54546;78,55342;-78,55354
78,81818;78,81818;78,82893;-78,83016
79,09091;79,09091;79,10174;-79,10275
79,36364;79,36364;79,38393;-79,38492
79,63637;79,63637;79,64319;-79,64375
79,9091;79,9091;79,92065;-79,92152
80,18182;80,18182;80,19186;-80,19238
80,45454;80,45454;80,47361;-80,47402
80,72727;80,72727;80,75172;-80,75288
81;81;81,00309;-81,00378
81,27273;81,27273;81,28158;-81,28222
81,54546;81,54546;81,5591;-81,56027
81,81818;81,81818;81,84018;-81,84115
82,09091;82,09091;82,11195;-82,11338
82,36364;82,36364;82,37073;-82,37109
82,63637;82,63637;82,64999;-82,65047
82,9091;82,9091;82,9203;-82,92125
83,18182;83,18182;83,19945;-83,20033
83,45455;83,45455;83,46194;-83,46236
83,72727;83,72727;83,73041;-83,73093
84;84;84,01176;-84,01279
84,27273;84,27273;84,28973;-84,29016
84,54546;84,54546;84,57259;-84,5736
84,81818;84,81818;84,81965;-84,8211
85,09091;85,09091;85,0996;-85,1006
85,36364;85,36364;85,38063;-85,38205
85,63637;85,63637;85,65585;-85,65587
85,9091;85,9091;85,91138;-85,91235
86,18182;86,18182;86,19069;-86,19163
86,45455;86,45455;86,46249;-86,46389
86,72727;86,72727;86,74138;-86,74189
87;87;87,02009;-87,02128
87,27273;87,27273;87,28075;-87,28176
87,54546;87,54546;87,5567;-87,5578
87,81818;87,81818;87,83072;-87,83119
88,09091;88,09091;88,11186;-88,11218
88,36364;88,36364;88,38262;-88,3829
88,63637;88,63637;88,64277;-88,64365
88,9091;88,9091;88,92202;-88,92234
89,18182;89,18182;89,20181;-89,20267
89,45455;89,45455;89,47109;-89,47218
89,72727;89,72727;89,73322;-89,73383
90;90;90,01002;-90,01071
90,27273;90,27273;90,28131;-90,28185
90,54546;90,54546;90,56322;-90,56427
90,81818;90,81818;90,84294;-90,84358
91,09091;91,09091;91,09279;-91,09307
91,36364;91,36364;91,37214;-91,37202
91,63637;91,63637;91,65352;-91,65413
91,9091;91,9091;91,93094;-91,93224
92,18182;92,18182;92,20258;-92,20326
92,45455;92,45455;92,46058;-92,46175
92,72727;92,72727;92,74264;-92,74377
93;93;93,01162;-93,01279
93,27273;93,27273;93,29017;-93,29094
93,54546;93,54546;93,55106;-93,55196
93,81818;93,81818;93,82287;-93,82347
94,09091;94,09091;94,10143;-94,10224
94,36364;94,36364;94,38102;-94,38232
94,63637;94,63637;94,65987;-94,66067
94,9091;94,9091;94,91238;-94,91296
95,18182;95,18182;95,19037;-95,19119
95,45455;95,45455;95,47439;-95,47487
95,72727;95,72727;95,74258;-95,74398
96;96;96,02551;-96,02286
96,27273;96,27273;96,28208;-96,28331
96,54546;96,54546;96,56034;-96,56116
96,81818;96,81818;96,83162;-96,83241
97,09091;97,09091;97,11269;-97,11345
97,36364;97,36364;97,37164;-97,37209
97,63637;97,63637;97,64051;-97,64198
97,9091;97,9091;97,92137;-97,92193
98,18182;98,18182;98,20074;-98,20148
98,45455;98,45455;98,48007;-98,48129
98,72727;98,72727;98,73661;-98,73797
